MONTH,DAY,YEAR,WEEKDAY,H1,H2,H3,H4,H5,H6,H7,H8,H9,H10,H11,H12,H13,H14,H15,H16,H17,H18,H19,H20,H21,H22,H23,H24
Jan,1,2016,Friday,60,96,43,27,20,24,32,43,58,105,163,216,239,266,282,285,250,230,192,140,101,73,61,44
Jan,2,2016,Saturday,19,17,13,8,8,15,25,79,109,154,271,319,358,329,373,346,359,332,249,140,141,163,89,67
Jan,3,2016,Sunday,31,35,22,12,9,15,22,46,79,132,204,258,308,325,327,286,331,272,198,122,79,48,47,48
Jan,4,2016,Monday,10,14,11,13,35,75,124,179,139,161,168,249,221,262,359,485,605,546,270,150,110,76,61,62
Jan,5,2016,Tuesday,19,14,15,15,30,71,112,178,165,150,177,228,254,268,391,491,683,561,276,176,180,141,79,68
Jan,6,2016,Wednesday,24,18,16,10,33,70,124,178,157,165,186,247,250,291,411,494,685,585,299,200,126,104,65,70
Jan,7,2016,Thursday,28,17,34,21,40,70,108,194,141,143,175,196,213,230,397,490,694,581,249,174,147,97,72,66
Jan,8,2016,Friday,24,19,31,24,28,81,100,178,130,156,178,215,251,295,412,523,656,531,338,197,133,122,121,84
Jan,9,2016,Saturday,46,28,18,12,23,29,37,72,124,171,229,287,299,300,344,326,342,306,280,158,137,117,104,66
Jan,10,2016,Sunday,46,37,20,9,11,9,18,53,79,125,219,278,297,268,254,317,244,185,163,112,93,56,48,25
Jan,11,2016,Monday,16,9,10,15,26,79,122,183,137,151,152,199,249,223,386,481,640,514,264,193,127,74,73,57
Jan,12,2016,Tuesday,32,18,37,22,30,67,126,185,123,135,155,198,224,236,414,494,635,530,314,190,144,112,93,70
Jan,13,2016,Wednesday,29,22,36,12,40,55,124,182,149,128,161,204,227,285,427,533,696,572,339,228,147,116,75,74
Jan,14,2016,Thursday,34,24,31,18,37,72,130,199,138,140,182,222,239,235,441,592,667,566,328,201,166,95,65,74
Jan,15,2016,Friday,33,22,35,11,37,66,113,196,146,186,205,273,314,345,508,558,662,607,376,225,218,159,130,102
Jan,16,2016,Saturday,56,46,27,16,18,28,47,87,137,217,263,348,312,360,331,331,322,279,244,109,113,61,76,94
Jan,17,2016,Sunday,42,40,25,14,9,13,30,47,77,99,171,207,285,280,252,287,292,237,188,132,113,63,40,36
Jan,18,2016,Monday,15,12,12,5,30,69,121,180,126,143,159,183,249,263,314,420,531,486,265,133,121,87,76,58
Jan,19,2016,Tuesday,20,20,36,12,33,73,118,192,132,161,166,200,238,259,419,508,672,548,283,182,139,134,104,81
Jan,20,2016,Wednesday,28,20,38,19,32,73,134,198,146,173,152,187,248,272,434,532,679,566,324,233,159,110,82,69
Jan,21,2016,Thursday,32,23,34,15,32,77,132,207,144,151,178,215,218,258,393,570,688,572,279,198,160,108,92,69
Jan,22,2016,Friday,21,22,29,21,30,69,134,202,156,171,205,235,328,308,511,580,645,618,322,236,180,176,101,88
Jan,23,2016,Saturday,45,44,34,11,19,35,45,87,137,222,275,307,335,338,338,305,362,335,255,182,145,120,110,78
Jan,24,2016,Sunday,52,32,34,10,5,16,25,65,110,143,200,290,359,317,314,308,273,265,195,125,97,59,38,36
Jan,25,2016,Monday,17,14,10,11,29,70,114,194,146,168,176,244,245,238,416,487,618,503,206,115,87,68,59,61
Jan,26,2016,Tuesday,28,18,27,17,32,68,128,187,134,138,133,181,229,216,404,502,624,544,279,183,146,108,89,67
Jan,27,2016,Wednesday,28,22,34,13,40,73,114,210,125,151,193,244,225,262,421,556,678,598,331,181,190,102,94,77
Jan,28,2016,Thursday,24,22,32,13,37,83,130,219,147,149,183,234,236,260,403,524,698,582,297,198,151,118,79,68
Jan,29,2016,Friday,33,34,32,21,28,66,124,197,161,167,236,278,313,390,452,644,638,562,364,246,174,150,124,75
Jan,30,2016,Saturday,50,36,21,11,21,28,55,87,169,246,266,335,411,340,382,346,350,320,242,198,150,107,109,73
Jan,31,2016,Sunday,49,52,23,13,5,16,24,56,86,146,215,243,322,315,319,357,294,271,230,129,101,65,46,34
Feb,1,2016,Monday,23,14,15,13,24,68,118,268,210,193,225,245,282,285,400,539,672,558,313,198,159,135,74,72
Feb,2,2016,Tuesday,27,22,33,23,28,60,90,141,134,149,206,305,338,188,180,231,165,85,54,32,32,30,15,27
Feb,3,2016,Wednesday,14,5,12,18,17,53,92,134,110,117,128,142,175,211,332,423,608,517,271,220,152,83,75,87
Feb,4,2016,Thursday,29,22,36,20,35,62,114,191,127,174,155,222,251,261,441,554,691,575,304,182,130,97,81,70
Feb,5,2016,Friday,34,31,38,18,34,62,121,175,152,173,219,264,317,335,508,608,635,576,387,231,204,160,123,100
Feb,6,2016,Saturday,54,40,23,25,19,23,37,109,155,199,282,343,347,303,348,342,358,325,260,190,149,140,124,73
Feb,7,2016,Sunday,52,49,24,14,11,10,30,94,136,170,255,286,402,379,360,354,343,220,145,107,79,78,48,22
Feb,8,2016,Monday,18,11,12,11,35,69,133,207,143,139,169,219,249,227,360,474,610,544,286,164,150,107,65,66
Feb,9,2016,Tuesday,25,19,36,19,29,74,112,210,138,137,147,223,252,260,379,504,635,562,302,209,156,125,75,85
Feb,10,2016,Wednesday,32,15,33,25,34,70,102,208,131,165,173,238,235,272,401,514,650,571,328,254,176,131,79,80
Feb,11,2016,Thursday,26,21,31,24,34,77,109,210,137,173,156,241,273,296,397,545,682,586,320,226,158,106,86,78
Feb,12,2016,Friday,35,19,28,25,40,68,110,176,141,170,244,285,321,345,452,567,688,527,376,216,165,144,128,98
Feb,13,2016,Saturday,48,38,27,19,14,18,37,97,126,188,258,316,374,319,367,360,391,368,285,238,165,125,75,73
Feb,14,2016,Sunday,57,39,28,13,11,14,22,42,95,168,193,302,288,305,287,293,292,260,231,135,97,77,26,37
Feb,15,2016,Monday,20,17,17,15,38,77,97,166,145,174,151,224,238,271,373,453,581,537,288,176,133,94,69,69
Feb,16,2016,Tuesday,24,21,28,15,39,71,119,205,132,171,175,191,207,268,415,476,635,573,321,188,152,121,83,81
Feb,17,2016,Wednesday,35,20,27,20,36,68,115,197,149,145,176,225,259,262,409,516,696,571,347,218,164,119,73,71
Feb,18,2016,Thursday,29,20,26,16,42,81,119,221,162,172,195,245,277,282,413,561,705,579,314,217,154,108,89,84
Feb,19,2016,Friday,39,28,32,17,40,62,119,178,170,182,233,284,362,342,483,554,673,542,415,232,198,175,100,84
Feb,20,2016,Saturday,56,44,21,18,30,28,30,86,178,219,291,363,363,363,361,337,384,340,258,172,168,118,90,64
Feb,21,2016,Sunday,45,49,30,8,12,17,31,57,125,160,249,367,359,374,362,327,337,313,225,138,119,59,48,24
Feb,22,2016,Monday,19,11,9,13,33,75,130,214,164,174,190,232,234,251,393,521,628,531,308,195,144,108,68,60
Feb,23,2016,Tuesday,32,16,29,18,35,72,136,214,139,163,203,207,220,279,383,487,655,491,335,189,161,125,77,74
Feb,24,2016,Wednesday,27,20,35,17,45,78,131,193,146,167,172,231,229,288,404,537,710,585,321,241,155,137,101,74
Feb,25,2016,Thursday,36,19,30,18,45,67,134,226,132,169,184,244,256,267,419,541,671,569,319,216,161,110,72,72
Feb,26,2016,Friday,37,21,26,20,45,69,129,207,160,174,196,285,319,333,527,582,759,611,460,231,199,126,107,91
Feb,27,2016,Saturday,56,35,20,13,25,20,59,99,161,269,318,396,433,394,403,371,383,370,276,169,133,135,78,78
Feb,28,2016,Sunday,63,52,20,11,11,11,32,79,116,172,246,292,363,364,332,327,301,307,217,130,111,66,38,32
Feb,29,2016,Monday,15,6,10,10,44,65,139,209,158,174,184,230,271,236,397,509,628,579,314,192,129,114,87,61
Mar,1,2016,Tuesday,20,14,22,25,35,67,122,213,125,134,151,161,221,238,391,478,664,553,310,180,123,144,73,75
Mar,2,2016,Wednesday,30,17,29,17,33,76,125,204,139,153,227,237,281,266,434,558,702,586,340,240,173,120,97,73
Mar,3,2016,Thursday,37,18,29,21,35,73,131,231,158,185,203,242,262,280,456,536,695,580,335,225,145,131,99,79
Mar,4,2016,Friday,29,18,36,16,39,76,121,218,171,193,247,286,356,366,462,557,637,560,391,183,156,114,112,68
Mar,5,2016,Saturday,53,38,26,15,13,23,53,105,122,218,270,327,343,355,384,375,382,329,299,178,146,123,88,74
Mar,6,2016,Sunday,49,54,20,9,10,17,50,69,99,157,261,346,368,363,364,349,359,294,215,182,102,63,43,31
Mar,7,2016,Monday,22,10,8,13,39,76,122,223,179,190,210,264,255,282,416,541,684,564,279,193,139,95,49,76
Mar,8,2016,Tuesday,27,18,30,23,44,68,136,217,159,190,190,236,288,272,405,528,689,608,320,186,148,111,81,67
Mar,9,2016,Wednesday,30,20,33,15,54,76,142,233,176,171,204,244,275,315,390,519,742,568,328,221,179,95,87,63
Mar,10,2016,Thursday,29,21,31,24,47,78,131,248,165,184,209,242,275,284,404,567,705,539,292,201,156,92,74,66
Mar,11,2016,Friday,44,20,33,16,43,73,120,225,156,188,239,279,350,367,476,582,725,574,443,262,183,139,102,99
Mar,12,2016,Saturday,47,31,27,16,17,23,51,118,192,234,308,354,436,390,363,353,354,347,272,190,150,114,87,85
Mar,13,2016,Sunday,36,51,19,13,15,27,69,98,158,237,306,350,348,353,382,303,306,256,198,119,82,49,27,0
Mar,14,2016,Monday,16,12,14,13,33,71,136,213,180,174,183,215,279,272,430,573,685,544,304,203,155,113,89,59
Mar,15,2016,Tuesday,32,24,27,22,41,79,131,227,155,164,221,251,274,280,392,532,669,574,285,196,184,140,78,93
Mar,16,2016,Wednesday,31,17,31,17,35,74,140,220,169,175,220,254,290,267,438,590,708,617,348,261,186,122,89,90
Mar,17,2016,Thursday,38,17,29,20,35,78,125,254,186,207,218,222,292,328,452,543,705,575,371,209,164,108,84,84
Mar,18,2016,Friday,41,25,37,26,38,73,119,206,150,187,238,317,380,347,500,568,683,612,346,244,197,149,115,101
Mar,19,2016,Saturday,38,47,26,12,10,16,53,92,134,200,304,329,366,343,365,391,379,350,303,232,187,141,124,96
Mar,20,2016,Sunday,54,57,30,17,11,18,31,62,105,187,262,363,428,393,380,384,380,277,263,182,123,75,52,29
Mar,21,2016,Monday,21,9,13,23,33,85,155,235,172,196,231,281,308,285,444,533,654,598,333,252,205,127,69,66
Mar,22,2016,Tuesday,26,15,32,15,42,83,145,247,175,214,247,276,327,340,463,609,714,633,400,240,178,134,80,98
Mar,23,2016,Wednesday,30,25,29,15,46,79,134,231,174,203,261,297,305,298,394,491,598,497,223,112,78,57,50,49
Mar,24,2016,Thursday,18,8,16,15,25,55,62,99,75,85,110,134,164,216,333,398,532,486,280,203,181,134,74,98
Mar,25,2016,Friday,33,38,33,19,22,57,111,169,185,185,295,334,433,457,537,536,590,585,408,241,224,132,100,76
Mar,26,2016,Saturday,47,51,21,15,16,21,47,70,133,235,307,353,362,394,359,421,390,334,283,229,188,146,89,71
Mar,27,2016,Sunday,45,56,16,17,9,21,35,51,117,184,276,493,388,306,290,315,341,275,238,178,134,63,49,39
Mar,28,2016,Monday,16,13,8,16,30,60,136,175,187,250,244,310,299,340,488,576,754,564,347,260,161,100,82,66
Mar,29,2016,Tuesday,34,21,27,25,41,86,161,227,190,228,229,239,256,299,449,585,710,597,361,240,178,136,83,80
Mar,30,2016,Wednesday,30,21,33,22,44,80,133,201,143,173,220,241,257,338,438,507,692,627,356,228,155,111,86,83
Mar,31,2016,Thursday,27,21,29,21,42,73,142,212,167,177,208,265,250,304,454,531,695,609,350,248,175,121,94,92
Apr,1,2016,Friday,37,26,26,27,46,72,136,217,165,191,289,295,381,398,503,631,744,644,372,287,213,160,119,79
Apr,2,2016,Saturday,56,43,25,14,21,24,50,83,123,193,254,331,361,373,406,366,396,319,274,223,181,126,106,86
Apr,3,2016,Sunday,66,44,21,14,14,20,35,65,144,186,260,386,441,423,404,398,391,374,290,221,142,80,41,34
Apr,4,2016,Monday,14,16,10,17,34,93,149,216,177,183,204,243,274,293,447,553,697,573,324,255,202,106,69,66
Apr,5,2016,Tuesday,19,17,27,28,38,85,142,216,170,223,218,244,309,297,402,517,716,569,314,210,161,116,84,73
Apr,6,2016,Wednesday,28,26,29,26,43,82,145,224,161,202,222,257,247,288,397,575,709,630,350,246,178,113,90,71
Apr,7,2016,Thursday,30,23,26,24,42,82,151,193,170,163,220,260,317,316,457,579,708,619,349,228,185,122,78,73
Apr,8,2016,Friday,33,35,34,27,43,76,127,192,189,205,233,314,377,398,479,607,749,651,413,264,228,152,123,108
Apr,9,2016,Saturday,45,47,28,12,20,32,74,105,167,237,322,436,453,400,401,377,399,356,339,206,176,155,84,74
Apr,10,2016,Sunday,52,63,26,16,6,18,31,62,105,177,274,350,416,381,367,367,309,321,272,177,144,86,51,41
Apr,11,2016,Monday,18,14,13,18,29,94,163,236,187,197,225,235,294,288,419,519,673,585,311,250,183,120,78,69
Apr,12,2016,Tuesday,24,22,27,22,41,89,154,238,186,193,217,250,270,291,422,580,749,561,382,246,210,119,85,87
Apr,13,2016,Wednesday,30,15,28,25,47,86,167,216,165,167,229,260,279,337,478,602,707,669,371,277,206,102,94,76
Apr,14,2016,Thursday,35,20,28,23,54,84,176,219,153,196,236,288,280,361,453,615,726,619,368,265,205,132,98,90
Apr,15,2016,Friday,39,25,27,35,45,81,166,197,212,235,254,361,399,392,540,689,727,647,428,317,260,202,132,101
Apr,16,2016,Saturday,51,41,29,16,17,30,63,138,177,289,447,543,526,465,511,468,417,424,324,246,222,196,126,89
Apr,17,2016,Sunday,55,54,32,14,10,27,46,91,117,214,335,395,478,453,401,414,347,326,282,198,139,82,60,41
Apr,18,2016,Monday,25,8,10,16,35,84,187,223,184,159,253,262,308,332,462,600,761,602,340,194,178,97,79,71
Apr,19,2016,Tuesday,25,20,26,22,36,82,155,224,182,194,228,272,268,314,443,571,713,636,398,269,180,131,87,86
Apr,20,2016,Wednesday,17,20,23,23,46,77,183,231,167,207,256,252,252,324,433,630,728,617,357,288,188,112,91,73
Apr,21,2016,Thursday,31,19,29,20,43,85,165,231,156,202,241,290,297,349,373,532,796,661,365,278,202,145,98,76
Apr,22,2016,Friday,29,28,40,29,41,81,150,232,207,221,306,333,393,389,556,673,744,686,448,288,264,179,139,91
Apr,23,2016,Saturday,57,44,28,16,21,46,77,157,220,302,355,415,443,493,440,427,399,394,369,305,204,153,121,94
Apr,24,2016,Sunday,66,53,21,9,17,19,40,76,119,207,270,354,384,386,377,360,374,370,287,179,162,84,54,26
Apr,25,2016,Monday,16,12,14,21,43,91,147,224,168,213,225,258,299,330,418,540,748,613,328,265,173,100,76,64
Apr,26,2016,Tuesday,37,20,28,20,48,91,147,229,174,192,202,242,280,311,498,555,740,643,342,224,200,132,87,73
Apr,27,2016,Wednesday,29,21,30,24,59,86,147,228,176,212,233,242,308,316,440,589,762,620,363,233,159,127,88,83
Apr,28,2016,Thursday,42,15,25,22,44,82,150,223,174,192,243,251,279,325,458,600,725,644,373,214,165,120,85,67
Apr,29,2016,Friday,40,34,31,24,45,72,138,214,209,238,265,345,401,376,568,699,806,774,543,340,188,177,134,114
Apr,30,2016,Saturday,61,49,28,15,20,26,44,111,196,277,356,404,414,443,386,415,416,431,329,225,190,135,94,71
May,1,2016,Sunday,60,43,27,12,15,30,29,64,127,222,271,358,426,431,404,442,334,349,285,200,179,85,58,31
May,2,2016,Monday,20,18,21,19,41,92,165,235,188,220,214,275,291,319,458,588,747,626,326,232,184,102,93,63
May,3,2016,Tuesday,27,22,31,22,43,82,162,228,203,225,253,269,321,314,447,591,749,611,382,264,171,134,91,74
May,4,2016,Wednesday,37,25,28,26,46,82,166,224,215,190,274,298,316,302,486,580,762,694,396,280,216,122,85,67
May,5,2016,Thursday,38,27,25,18,53,87,161,250,201,224,262,300,317,349,498,636,801,636,419,252,228,142,103,89
May,6,2016,Friday,44,18,37,22,48,75,167,251,227,328,348,446,477,515,613,693,892,900,633,363,266,174,115,106
May,7,2016,Saturday,52,45,25,21,32,26,55,164,251,318,375,486,460,485,497,485,394,452,350,285,253,148,117,97
May,8,2016,Sunday,50,39,16,10,22,25,29,70,160,265,380,489,531,519,464,488,469,350,291,252,190,98,56,45
May,9,2016,Monday,15,10,13,22,47,90,157,219,186,205,229,265,316,293,437,524,739,626,334,204,166,111,67,79
May,10,2016,Tuesday,27,12,29,23,30,95,134,184,173,215,243,305,288,316,467,541,754,621,361,248,179,153,90,77
May,11,2016,Wednesday,24,13,38,26,45,85,147,227,164,221,248,270,306,314,446,612,741,696,372,220,233,134,93,65
May,12,2016,Thursday,26,26,29,27,45,88,154,220,157,215,235,272,269,338,444,578,756,608,339,250,204,163,92,79
May,13,2016,Friday,26,29,33,31,56,84,151,227,216,248,323,343,347,358,551,602,689,640,436,320,246,184,113,101
May,14,2016,Saturday,46,45,27,14,30,24,66,106,161,287,363,433,442,433,438,396,398,419,341,271,195,168,125,85
May,15,2016,Sunday,50,46,58,17,22,24,28,64,115,191,303,384,398,378,396,395,374,328,305,215,150,115,51,28
May,16,2016,Monday,15,10,6,17,43,99,160,217,185,208,208,266,284,314,437,564,723,619,334,230,177,79,85,62
May,17,2016,Tuesday,29,15,33,24,34,96,176,252,225,222,240,255,282,295,439,603,764,627,387,280,218,151,89,84
May,18,2016,Wednesday,33,19,32,29,43,88,165,233,226,217,258,283,331,346,413,578,791,666,356,277,212,123,83,85
May,19,2016,Thursday,27,22,26,25,50,102,164,239,225,206,265,290,308,373,446,606,751,635,405,267,240,145,102,82
May,20,2016,Friday,31,26,30,27,53,83,139,235,235,259,312,356,430,420,550,662,835,763,576,359,272,158,141,105
May,21,2016,Saturday,47,51,21,12,21,28,87,132,237,331,390,427,464,467,452,416,411,368,351,231,208,158,116,89
May,22,2016,Sunday,58,40,19,11,16,22,34,79,166,256,376,415,439,456,454,441,445,354,316,232,194,98,61,49
May,23,2016,Monday,20,11,10,19,40,107,174,209,194,227,254,324,316,278,434,530,727,607,366,229,152,96,68,84
May,24,2016,Tuesday,30,17,29,26,42,92,152,204,186,192,241,268,307,311,440,575,766,652,394,242,211,165,104,71
May,25,2016,Wednesday,31,28,34,24,40,98,152,233,195,204,278,283,300,339,452,568,787,636,376,315,206,143,96,78
May,26,2016,Thursday,30,20,30,25,49,89,132,211,200,214,247,285,322,359,549,610,799,654,414,283,236,163,94,74
May,27,2016,Friday,35,26,29,24,46,78,116,222,200,259,331,400,420,434,540,634,747,707,509,334,239,178,144,102
May,28,2016,Saturday,59,47,24,8,14,25,53,109,180,248,388,459,492,421,453,403,433,363,327,209,175,141,88,74
May,29,2016,Sunday,56,47,26,13,9,20,36,75,132,246,347,508,587,465,443,453,428,391,304,245,217,131,82,59
May,30,2016,Monday,43,19,17,3,8,16,48,66,102,220,308,363,424,414,366,375,346,287,249,193,150,103,54,52
May,31,2016,Tuesday,28,5,9,21,32,75,161,202,167,197,256,264,279,340,453,558,745,588,307,241,156,124,68,80
Jun,1,2016,Wednesday,28,20,23,27,28,91,141,221,198,212,245,319,326,349,494,537,789,659,415,281,213,134,95,78
Jun,2,2016,Thursday,29,27,36,22,30,96,155,230,200,239,232,288,309,320,436,596,747,676,380,246,224,159,120,76
Jun,3,2016,Friday,50,20,34,25,42,88,143,204,208,246,309,343,386,418,480,610,754,653,432,300,216,174,131,105
Jun,4,2016,Saturday,44,51,22,11,27,29,77,128,197,276,355,381,447,484,408,482,371,370,307,281,224,185,110,84
Jun,5,2016,Sunday,60,59,29,17,15,20,41,86,167,248,350,415,459,455,466,427,378,313,282,197,183,143,55,43
Jun,6,2016,Monday,19,12,7,11,40,95,152,185,186,188,240,275,316,342,422,550,736,617,348,239,143,129,89,73
Jun,7,2016,Tuesday,23,21,30,22,44,98,149,216,190,229,232,303,278,325,401,575,762,663,381,225,204,147,103,79
Jun,8,2016,Wednesday,41,20,30,24,41,97,159,230,214,210,266,280,304,329,458,627,794,659,421,271,211,164,100,76
Jun,9,2016,Thursday,31,30,36,27,50,84,157,207,188,185,258,319,325,378,503,648,721,654,393,263,212,161,112,85
Jun,10,2016,Friday,36,21,26,33,54,91,145,226,228,240,321,366,432,419,499,597,755,595,333,227,200,179,106,90
Jun,11,2016,Saturday,60,30,21,12,22,39,52,174,216,292,425,449,492,454,357,416,496,426,359,304,235,191,127,87
Jun,12,2016,Sunday,56,42,25,15,12,28,34,68,136,166,249,350,434,441,492,464,400,356,277,243,205,116,74,33
Jun,13,2016,Monday,27,9,16,14,47,98,147,205,170,203,239,291,306,320,419,541,726,591,360,238,176,148,78,69
Jun,14,2016,Tuesday,26,21,30,27,41,85,145,221,190,209,252,283,293,336,436,633,748,571,306,250,150,153,78,63
Jun,15,2016,Wednesday,23,22,29,23,45,92,141,237,183,238,224,326,381,340,449,611,799,657,389,226,210,213,110,85
Jun,16,2016,Thursday,57,28,34,24,46,98,171,225,225,200,223,300,353,373,472,594,752,685,393,255,239,177,134,88
Jun,17,2016,Friday,57,34,41,25,43,86,120,231,227,250,325,395,465,442,512,619,767,639,479,261,264,197,188,114
Jun,18,2016,Saturday,77,51,27,12,23,30,66,150,197,283,380,446,483,432,416,432,434,361,303,286,205,170,155,92
Jun,19,2016,Sunday,90,66,39,21,16,18,46,76,177,263,310,428,390,406,494,442,431,357,317,241,188,118,177,105
Jun,20,2016,Monday,36,16,17,13,35,72,164,207,187,209,299,268,261,325,453,558,706,594,360,210,171,137,117,79
Jun,21,2016,Tuesday,33,16,21,24,49,84,157,221,191,215,242,267,294,347,401,571,792,600,352,229,228,191,140,88
Jun,22,2016,Wednesday,35,24,35,24,50,98,153,218,182,218,239,236,316,338,434,603,780,624,418,226,198,172,95,68
Jun,23,2016,Thursday,30,24,30,21,47,93,172,211,201,223,222,307,308,330,494,604,749,640,366,273,231,159,95,85
Jun,24,2016,Friday,28,24,34,18,53,88,138,212,220,271,330,352,408,411,581,684,806,793,583,351,255,223,146,114
Jun,25,2016,Saturday,56,36,22,14,25,36,68,147,200,251,363,416,428,445,456,407,438,326,298,249,207,157,105,82
Jun,26,2016,Sunday,49,40,27,9,13,25,34,74,147,201,346,443,568,470,442,451,414,315,315,257,161,135,67,54
Jun,27,2016,Monday,25,14,12,14,61,80,152,215,172,197,226,297,315,339,433,505,716,609,360,233,189,137,89,85
Jun,28,2016,Tuesday,30,16,31,25,61,84,162,214,171,240,262,275,310,309,409,589,704,628,354,234,206,206,84,94
Jun,29,2016,Wednesday,19,27,23,22,59,83,172,225,175,243,264,278,342,393,496,555,757,701,438,255,241,187,125,76
Jun,30,2016,Thursday,35,28,28,18,73,85,156,243,186,239,234,294,341,376,431,567,771,659,432,276,200,242,104,86
Jul,1,2016,Friday,42,16,29,29,47,67,140,228,235,300,378,450,520,585,623,689,877,766,684,375,286,198,122,97
Jul,2,2016,Saturday,60,44,23,10,15,16,60,82,176,306,385,542,525,527,477,479,442,428,356,244,226,150,87,82
Jul,3,2016,Sunday,46,40,23,11,7,27,38,74,137,257,400,468,588,568,599,435,494,379,384,270,224,113,80,78
Jul,4,2016,Monday,54,24,17,6,12,21,41,71,125,217,302,435,352,329,327,311,321,262,216,196,145,112,61,50
Jul,5,2016,Tuesday,24,18,7,10,47,77,142,193,191,197,281,319,365,353,449,558,653,617,378,210,170,175,104,60
Jul,6,2016,Wednesday,34,25,16,18,65,92,148,189,185,219,263,256,325,308,433,531,756,710,393,273,227,181,87,68
Jul,7,2016,Thursday,26,19,31,18,62,87,140,202,157,203,288,268,341,347,456,583,714,694,388,277,211,143,87,77
Jul,8,2016,Friday,31,22,29,12,54,92,158,212,216,253,313,332,412,456,512,620,825,822,579,296,221,194,132,114
Jul,9,2016,Saturday,53,42,19,18,33,29,79,197,230,295,395,467,454,494,437,436,431,391,328,302,231,193,126,89
Jul,10,2016,Sunday,68,49,34,9,14,35,47,94,115,174,258,343,450,444,378,380,373,340,297,235,176,142,61,39
Jul,11,2016,Monday,24,16,9,19,65,80,142,201,180,238,265,265,308,325,421,511,726,585,316,194,169,141,88,72
Jul,12,2016,Tuesday,31,19,33,19,50,94,149,197,179,218,215,277,317,326,448,587,731,635,392,261,188,207,112,79
Jul,13,2016,Wednesday,33,24,36,22,58,90,162,225,169,245,274,260,301,336,411,581,794,680,393,223,261,162,105,79
Jul,14,2016,Thursday,35,23,38,24,60,93,158,223,213,241,243,296,321,327,436,599,831,637,361,249,221,147,100,106
Jul,15,2016,Friday,52,33,40,21,35,81,142,227,183,233,316,367,390,427,544,649,765,792,576,355,244,285,175,107
Jul,16,2016,Saturday,54,29,31,12,22,46,80,160,253,303,375,428,417,403,420,403,418,395,327,267,210,201,123,93
Jul,17,2016,Sunday,70,42,25,17,9,18,41,83,123,195,309,410,445,405,405,394,451,402,333,210,207,135,72,41
Jul,18,2016,Monday,27,9,9,12,53,88,149,213,189,208,275,302,290,315,435,550,733,623,334,218,189,145,84,76
Jul,19,2016,Tuesday,33,24,36,27,43,82,154,210,201,208,251,290,314,310,452,553,748,653,327,228,207,183,128,89
Jul,20,2016,Wednesday,34,31,35,17,46,88,145,211,212,202,249,294,320,356,466,552,775,642,363,279,261,161,86,65
Jul,21,2016,Thursday,32,26,31,28,58,95,171,208,180,201,241,279,357,373,439,543,762,628,396,260,229,173,120,93
Jul,22,2016,Friday,38,26,39,24,55,85,144,183,208,244,284,360,420,458,565,569,739,679,526,314,235,179,139,111
Jul,23,2016,Saturday,51,38,15,14,24,40,70,106,174,287,304,363,334,308,380,352,382,354,291,219,221,196,112,82
Jul,24,2016,Sunday,50,42,22,14,10,30,28,80,127,212,305,394,447,461,436,410,381,347,285,215,185,106,64,43
Jul,25,2016,Monday,28,26,13,15,34,86,155,181,187,244,261,286,291,317,450,535,718,595,342,230,189,131,89,83
Jul,26,2016,Tuesday,26,18,37,26,37,93,174,206,183,206,236,275,329,305,477,516,756,646,361,209,198,168,97,77
Jul,27,2016,Wednesday,37,24,38,25,34,96,159,198,192,212,221,289,315,346,443,570,816,647,386,241,187,163,106,78
Jul,28,2016,Thursday,30,30,36,20,40,107,140,209,171,211,224,268,338,322,467,541,710,654,416,272,212,165,106,78
Jul,29,2016,Friday,40,29,38,28,46,78,135,211,212,247,298,340,440,374,543,600,821,845,563,374,269,205,141,100
Jul,30,2016,Saturday,54,43,29,19,18,34,64,122,173,263,366,423,417,420,412,438,396,383,338,244,211,178,127,87
Jul,31,2016,Sunday,55,49,21,15,12,24,39,88,145,218,300,399,465,482,439,415,389,343,293,209,180,133,70,36
Aug,1,2016,Monday,18,24,13,15,42,100,156,190,187,241,267,298,293,325,408,541,653,616,314,221,174,119,91,68
Aug,2,2016,Tuesday,24,31,34,27,44,93,139,207,209,223,265,293,305,325,459,599,720,636,394,252,193,190,105,94
Aug,3,2016,Wednesday,25,26,41,22,43,103,165,211,177,238,256,315,312,335,473,567,757,707,428,283,203,163,108,74
Aug,4,2016,Thursday,27,32,33,26,48,97,143,239,189,225,253,312,289,277,442,529,712,578,347,216,172,116,116,83
Aug,5,2016,Friday,34,28,43,24,50,88,139,227,208,262,333,350,405,441,528,654,784,786,578,301,196,166,131,93
Aug,6,2016,Saturday,46,40,26,15,19,33,62,133,165,298,372,413,427,414,413,374,365,394,303,273,228,208,115,96
Aug,7,2016,Sunday,73,38,21,17,9,22,34,90,135,242,301,361,395,418,438,452,393,325,259,207,170,116,56,32
Aug,8,2016,Monday,20,11,12,15,35,96,130,212,159,205,256,261,301,313,451,538,680,575,343,234,187,124,66,73
Aug,9,2016,Tuesday,30,24,30,22,37,84,140,195,203,208,252,272,292,353,452,544,726,574,356,251,174,157,92,79
Aug,10,2016,Wednesday,33,28,33,21,41,84,141,206,188,220,251,287,321,367,465,594,710,632,372,248,182,157,96,89
Aug,11,2016,Thursday,30,27,38,18,44,84,133,205,193,231,251,298,353,361,426,549,719,694,372,242,214,160,90,88
Aug,12,2016,Friday,35,29,27,19,50,157,224,331,287,311,382,416,463,487,635,767,791,727,441,289,184,201,114,98
Aug,13,2016,Saturday,44,42,19,13,19,44,53,130,207,310,436,516,496,468,516,451,462,454,365,224,211,164,109,84
Aug,14,2016,Sunday,61,52,25,18,11,23,42,82,148,242,367,401,489,447,456,418,379,358,322,228,187,111,51,37
Aug,15,2016,Monday,19,14,14,12,40,88,145,201,176,227,247,323,289,312,458,528,695,593,359,231,188,140,99,74
Aug,16,2016,Tuesday,28,22,36,18,45,99,152,201,201,214,232,291,321,358,456,551,766,665,419,274,198,177,77,73
Aug,17,2016,Wednesday,25,20,36,16,53,96,132,197,180,232,237,319,330,392,429,573,590,653,377,265,245,166,102,68
Aug,18,2016,Thursday,40,28,37,23,49,106,128,200,199,245,225,291,323,329,466,588,751,674,422,199,195,130,93,65
Aug,19,2016,Friday,39,24,37,22,52,83,129,205,198,203,284,351,470,428,548,571,766,705,423,265,242,199,111,82
Aug,20,2016,Saturday,69,44,28,10,30,36,51,139,148,238,337,355,426,389,407,404,384,381,342,256,205,148,108,91
Aug,21,2016,Sunday,75,59,36,21,14,22,44,74,141,217,328,443,447,390,397,440,393,359,284,248,145,111,87,41
Aug,22,2016,Monday,33,18,11,11,48,87,138,194,156,203,257,284,286,360,436,563,713,631,342,217,162,141,89,62
Aug,23,2016,Tuesday,24,25,39,17,49,88,149,195,193,203,259,289,292,327,438,567,705,645,338,269,204,150,72,64
Aug,24,2016,Wednesday,28,26,31,26,44,86,131,208,137,209,200,248,284,322,464,599,712,691,382,245,204,132,96,68
Aug,25,2016,Thursday,39,33,30,22,42,99,142,226,161,211,220,276,351,324,469,556,771,649,392,253,235,133,98,75
Aug,26,2016,Friday,36,24,31,23,51,83,119,212,166,221,304,364,431,387,540,630,833,807,616,292,231,157,109,93
Aug,27,2016,Saturday,52,60,25,16,11,42,60,111,143,233,285,365,447,466,453,472,454,414,381,251,220,143,107,97
Aug,28,2016,Sunday,64,38,26,19,16,25,46,86,144,228,325,400,491,449,472,480,475,399,329,248,208,109,67,36
Aug,29,2016,Monday,21,12,12,18,41,91,149,195,156,213,220,298,315,360,453,545,699,608,335,281,163,139,67,62
Aug,30,2016,Tuesday,31,22,33,22,47,88,136,231,150,220,230,273,308,278,485,569,715,643,430,271,203,163,108,74
Aug,31,2016,Wednesday,30,23,28,20,49,90,131,233,145,224,244,279,315,335,486,553,753,699,422,303,225,157,86,56
Sep,1,2016,Thursday,26,20,27,25,56,92,150,220,188,186,227,260,347,362,503,548,721,669,395,248,216,156,87,69
Sep,2,2016,Friday,37,27,34,17,39,79,136,212,187,237,311,400,468,504,627,725,813,701,470,346,243,187,105,91
Sep,3,2016,Saturday,42,42,31,13,15,19,53,131,191,289,436,493,521,480,467,420,417,382,350,280,200,137,104,77
Sep,4,2016,Sunday,52,41,23,13,10,21,32,89,164,238,352,502,546,581,521,482,437,380,306,281,187,113,63,53
Sep,5,2016,Monday,30,19,9,9,16,19,52,67,101,176,222,295,349,339,328,312,282,271,227,219,163,92,44,33
Sep,6,2016,Tuesday,16,8,10,9,38,89,142,204,166,199,244,230,302,314,443,542,724,636,346,223,177,140,73,69
Sep,7,2016,Wednesday,29,27,29,22,42,92,143,218,165,186,225,256,297,347,471,560,803,692,366,271,187,120,83,57
Sep,8,2016,Thursday,26,28,33,24,53,87,140,250,169,229,240,287,317,350,459,651,850,764,415,235,191,134,80,66
Sep,9,2016,Friday,35,19,35,31,43,113,139,195,187,201,246,340,395,388,580,627,736,702,457,320,195,174,132,94
Sep,10,2016,Saturday,56,40,23,19,25,42,62,124,240,339,407,440,485,464,455,416,461,456,338,294,223,175,125,98
Sep,11,2016,Sunday,68,60,38,16,12,22,35,76,140,214,366,486,417,379,328,400,373,333,273,232,160,68,63,37
Sep,12,2016,Monday,11,11,11,10,49,103,156,222,167,175,237,248,273,306,413,561,696,587,363,281,182,109,85,59
Sep,13,2016,Tuesday,22,15,32,19,43,106,148,212,165,177,224,239,277,290,431,534,734,624,347,265,210,151,85,70
Sep,14,2016,Wednesday,27,23,38,23,42,103,158,217,199,205,260,252,278,314,438,584,761,637,424,291,207,133,78,70
Sep,15,2016,Thursday,33,26,32,28,50,108,147,248,180,194,243,261,328,343,415,578,712,599,363,297,198,139,75,60
Sep,16,2016,Friday,36,22,30,25,49,90,135,202,173,197,300,330,394,426,592,628,781,717,435,308,227,186,132,84
Sep,17,2016,Saturday,38,43,21,20,29,46,62,121,180,291,402,460,490,472,481,502,490,397,344,252,214,171,99,75
Sep,18,2016,Sunday,59,51,23,17,12,34,41,77,159,219,377,476,506,489,480,441,408,318,280,188,111,77,44,44
Sep,19,2016,Monday,24,10,10,20,38,81,136,219,178,200,214,313,294,325,420,558,717,603,318,278,155,117,65,62
Sep,20,2016,Tuesday,26,14,30,20,39,85,148,247,159,178,261,260,299,321,455,530,701,628,355,280,159,150,80,69
Sep,21,2016,Wednesday,20,30,28,17,40,79,134,211,151,168,208,271,328,291,462,568,735,628,384,275,199,110,87,65
Sep,22,2016,Thursday,23,21,33,23,43,87,128,187,181,175,195,259,299,305,462,582,724,658,393,292,184,132,82,71
Sep,23,2016,Friday,33,29,42,24,46,77,125,227,178,179,249,349,386,406,538,578,716,666,448,289,227,197,131,101
Sep,24,2016,Saturday,55,55,30,16,13,36,43,117,187,277,417,446,482,471,496,486,456,423,343,243,200,170,99,87
Sep,25,2016,Sunday,48,51,18,14,12,21,36,83,158,207,350,430,409,385,356,371,414,351,284,195,134,67,48,22
Sep,26,2016,Monday,16,7,12,9,43,83,144,196,159,214,239,287,261,296,434,557,725,600,326,255,171,95,79,55
Sep,27,2016,Tuesday,26,16,37,16,41,84,140,217,162,181,229,240,314,284,443,554,743,597,408,237,167,170,79,64
Sep,28,2016,Wednesday,27,19,35,21,42,91,136,212,161,211,251,232,309,328,469,560,766,654,387,286,203,127,84,58
Sep,29,2016,Thursday,16,24,29,21,38,86,149,239,151,197,201,238,293,338,464,586,799,608,388,319,185,116,88,71
Sep,30,2016,Friday,29,27,40,14,41,77,130,241,206,259,298,360,431,417,603,649,786,680,440,291,210,199,118,70
Oct,1,2016,Saturday,51,43,21,17,16,35,71,132,205,304,382,498,537,520,478,475,476,383,331,256,178,148,97,69
Oct,2,2016,Sunday,57,47,23,10,9,24,39,67,145,229,410,448,596,552,515,465,456,333,264,196,138,77,34,29
Oct,3,2016,Monday,15,8,6,14,50,86,125,220,159,220,252,270,321,306,460,542,710,584,355,242,109,109,89,56
Oct,4,2016,Tuesday,14,22,30,20,40,85,129,212,187,215,263,255,304,278,449,579,749,621,395,255,162,129,87,73
Oct,5,2016,Wednesday,19,20,40,17,51,90,120,215,163,197,251,275,296,343,466,567,659,654,391,287,206,132,80,62
Oct,6,2016,Thursday,32,19,31,17,49,91,146,239,160,238,249,236,320,329,483,583,757,677,420,279,177,122,70,69
Oct,7,2016,Friday,28,16,32,19,43,76,136,228,199,252,301,370,452,492,654,721,849,793,463,289,226,168,106,95
Oct,8,2016,Saturday,50,36,27,12,17,52,60,120,183,312,471,515,576,582,551,520,548,419,323,244,179,129,110,79
Oct,9,2016,Sunday,48,50,23,13,5,26,32,78,149,215,385,416,466,459,443,459,365,345,310,192,127,67,27,32
Oct,10,2016,Monday,13,9,10,14,42,81,117,227,161,231,264,270,302,335,458,586,715,595,355,210,154,105,67,54
Oct,11,2016,Tuesday,17,17,34,17,35,90,130,227,204,208,250,269,333,315,519,567,694,688,364,234,172,144,77,71
Oct,12,2016,Wednesday,34,16,40,21,39,82,130,209,201,185,243,265,244,341,443,585,788,631,383,254,153,133,82,60
Oct,13,2016,Thursday,15,16,33,20,43,70,121,264,192,209,228,267,338,352,481,577,622,649,393,273,200,125,80,65
Oct,14,2016,Friday,32,26,39,14,46,74,128,260,199,233,298,332,348,412,554,641,749,754,422,283,208,168,120,75
Oct,15,2016,Saturday,51,31,25,17,30,41,45,149,222,370,435,509,554,463,497,426,355,429,349,221,184,170,85,85
Oct,16,2016,Sunday,63,44,34,21,12,28,36,73,146,246,403,546,594,554,515,468,365,285,244,201,135,62,39,22
Oct,17,2016,Monday,10,8,6,17,46,72,134,238,182,210,245,299,316,330,430,562,721,559,344,201,135,114,73,42
Oct,18,2016,Tuesday,25,21,34,20,46,76,157,218,160,203,222,225,314,325,442,554,753,613,391,244,156,141,81,59
Oct,19,2016,Wednesday,32,27,35,25,45,74,116,229,176,226,236,308,309,345,464,561,749,612,388,247,167,118,78,67
Oct,20,2016,Thursday,27,20,36,20,44,66,122,226,207,205,246,302,341,366,510,594,758,619,377,246,181,134,107,70
Oct,21,2016,Friday,35,21,27,29,44,73,107,224,210,236,326,384,479,532,615,651,820,624,404,265,200,159,98,89
Oct,22,2016,Saturday,47,31,24,11,17,39,45,133,197,280,382,492,497,521,512,506,520,406,307,229,187,165,100,86
Oct,23,2016,Sunday,42,44,21,8,10,23,32,56,138,201,300,432,489,471,422,441,388,300,280,163,111,70,33,32
Oct,24,2016,Monday,15,9,9,15,33,83,142,236,169,204,230,244,297,292,449,570,698,584,343,211,138,101,66,63
Oct,25,2016,Tuesday,22,10,29,19,47,69,127,231,161,197,208,233,285,328,428,499,718,589,349,215,138,126,74,74
Oct,26,2016,Wednesday,30,34,17,22,39,72,158,209,176,202,233,268,295,317,441,568,725,613,370,244,170,113,85,69
Oct,27,2016,Thursday,34,35,20,20,42,84,153,227,173,197,219,265,293,341,460,606,720,641,368,252,182,105,89,74
Oct,28,2016,Friday,30,36,23,19,38,76,132,206,193,228,286,342,395,427,534,655,768,673,439,270,216,176,110,91
Oct,29,2016,Saturday,54,40,26,13,23,36,48,111,155,254,376,434,484,481,482,450,427,374,286,228,170,139,90,78
Oct,30,2016,Sunday,52,49,23,12,12,24,32,75,126,219,339,428,474,439,433,410,344,314,258,186,122,71,41,33
Oct,31,2016,Monday,13,10,11,11,29,59,119,161,131,151,169,206,236,236,337,410,535,452,258,162,118,70,62,48
Nov,1,2016,Tuesday,34,30,14,19,49,98,168,250,195,198,253,276,320,359,492,627,751,645,374,229,174,141,97,86
Nov,2,2016,Wednesday,37,32,16,21,44,95,191,233,202,214,261,305,335,363,499,651,790,625,369,243,185,122,88,84
Nov,3,2016,Thursday,34,35,22,20,48,101,156,264,189,212,256,285,307,350,492,686,754,649,354,240,182,139,93,88
Nov,4,2016,Friday,37,36,24,24,45,93,138,243,211,255,328,385,428,477,576,687,811,692,440,309,213,182,142,104
Nov,5,2016,Saturday,56,45,30,16,37,80,62,102,163,268,331,368,436,411,420,386,386,353,300,223,189,139,107,78
Nov,6,2016,Sunday,70,49,25,16,18,46,40,72,123,201,283,379,432,407,387,353,322,299,265,189,121,73,47,42
Nov,7,2016,Monday,14,8,11,16,47,95,160,229,186,207,240,302,301,329,449,586,708,608,313,210,151,95,80,70
Nov,8,2016,Tuesday,33,29,14,19,48,96,163,243,189,192,246,268,311,349,479,610,730,627,363,223,170,137,95,80
Nov,9,2016,Wednesday,35,30,15,20,41,89,178,218,189,200,244,276,321,333,433,584,751,599,357,241,171,115,80,64
Nov,10,2016,Thursday,26,16,35,21,57,88,119,265,202,222,251,269,306,348,491,581,748,600,351,252,188,107,100,73
Nov,11,2016,Friday,30,24,33,35,53,91,122,237,217,226,310,350,390,435,545,581,704,570,363,222,202,191,126,83
Nov,12,2016,Saturday,50,37,27,19,28,53,55,113,180,283,337,438,383,434,380,392,389,371,290,215,164,149,80,55
Nov,13,2016,Sunday,50,39,22,17,14,38,32,93,130,221,310,411,378,359,369,397,350,297,235,145,107,72,30,26
Nov,14,2016,Monday,19,13,9,14,52,83,128,234,212,190,259,280,328,331,445,587,672,528,316,204,123,113,68,65
Nov,15,2016,Tuesday,19,17,32,14,48,92,139,233,197,225,234,269,283,320,502,577,740,562,361,192,183,142,73,57
Nov,16,2016,Wednesday,29,27,36,19,47,88,143,244,141,235,237,288,327,355,497,629,731,632,365,199,183,136,91,60
Nov,17,2016,Thursday,17,29,33,22,52,98,151,260,214,277,319,323,312,379,488,612,729,588,376,220,199,121,87,68
Nov,18,2016,Friday,35,24,37,18,44,95,131,283,203,283,360,366,468,476,658,674,783,583,420,255,181,168,112,86
Nov,19,2016,Saturday,40,19,24,17,52,100,54,85,131,238,294,339,365,352,360,368,350,295,268,181,147,136,88,68
Nov,20,2016,Sunday,50,37,31,11,28,89,38,77,104,172,240,348,323,353,331,303,301,289,236,128,111,68,41,25
Nov,21,2016,Monday,15,9,7,10,46,89,124,228,167,233,224,291,338,363,429,550,683,559,329,200,129,102,84,54
Nov,22,2016,Tuesday,19,20,33,21,41,98,127,242,191,200,214,311,330,342,496,564,669,578,333,176,155,138,75,49
Nov,23,2016,Wednesday,36,25,32,23,43,90,113,203,169,211,256,328,445,389,484,531,645,525,338,246,167,143,89,80
Nov,24,2016,Thursday,50,29,31,25,17,47,31,66,105,192,368,459,273,223,220,314,273,184,193,207,164,127,76,55
Nov,25,2016,Friday,37,27,19,14,18,57,75,150,180,241,324,400,413,403,411,436,352,356,256,177,158,125,86,90
Nov,26,2016,Saturday,55,33,29,16,14,45,48,79,140,211,266,375,370,408,362,347,341,290,242,183,126,130,73,66
Nov,27,2016,Sunday,43,50,17,20,9,34,32,58,109,171,250,328,327,342,395,368,332,278,219,136,99,66,29,34
Nov,28,2016,Monday,9,8,7,13,39,78,140,230,173,207,225,262,289,344,407,582,696,520,304,195,128,88,79,54
Nov,29,2016,Tuesday,18,14,34,29,42,79,132,234,178,208,267,259,265,312,445,566,751,561,341,154,146,147,78,64
Nov,30,2016,Wednesday,32,21,34,21,40,87,144,228,164,201,219,256,247,311,406,530,717,612,311,222,158,117,78,60
Dec,1,2016,Thursday,21,22,33,26,43,86,127,228,162,178,206,233,299,271,427,550,732,553,330,233,159,129,78,65
Dec,2,2016,Friday,37,21,34,27,41,72,117,189,180,204,262,280,354,409,509,599,721,569,395,256,186,191,129,90
Dec,3,2016,Saturday,61,46,26,22,29,45,84,141,310,379,401,388,435,385,402,355,337,333,297,179,138,176,100,96
Dec,4,2016,Sunday,52,42,24,18,12,21,29,67,91,142,183,269,269,238,244,280,282,273,193,138,86,70,30,35
Dec,5,2016,Monday,13,11,10,14,41,82,117,216,133,185,211,244,252,299,445,523,673,536,289,200,141,111,69,58
Dec,6,2016,Tuesday,21,12,27,18,49,79,130,199,137,178,201,227,224,244,404,510,687,557,308,179,147,128,84,71
Dec,7,2016,Wednesday,25,22,39,17,43,75,133,191,138,187,201,247,291,303,432,514,714,552,328,230,171,122,84,55
Dec,8,2016,Thursday,31,16,36,21,49,65,123,188,148,150,204,217,279,310,419,567,687,600,364,192,183,141,91,63
Dec,9,2016,Friday,26,22,41,21,37,74,110,179,171,204,228,304,372,384,481,627,675,588,360,223,216,164,110,120
Dec,10,2016,Saturday,44,45,22,12,18,36,51,99,149,215,339,346,372,403,382,374,273,218,168,109,112,90,65,52
Dec,11,2016,Sunday,33,21,19,8,6,19,19,52,58,96,130,179,163,213,238,242,205,199,148,122,84,51,20,24
Dec,12,2016,Monday,22,7,11,18,29,78,110,184,134,166,196,191,238,265,391,511,618,555,292,179,114,90,84,59
Dec,13,2016,Tuesday,17,22,31,19,43,84,112,183,140,159,182,232,220,250,399,508,687,541,315,203,147,122,87,58
Dec,14,2016,Wednesday,23,22,33,16,48,69,115,192,145,187,210,187,257,290,381,506,667,562,353,237,181,98,80,69
Dec,15,2016,Thursday,21,27,34,16,38,68,112,203,135,156,180,218,269,257,445,516,659,571,358,206,190,112,95,79
Dec,16,2016,Friday,31,18,28,25,35,74,93,183,138,194,256,269,343,335,427,445,477,343,183,122,85,78,59,53
Dec,17,2016,Saturday,25,28,15,12,18,23,26,44,53,91,142,173,209,221,246,254,268,208,179,135,110,114,66,45
Dec,18,2016,Sunday,29,31,17,6,8,12,27,57,57,125,183,278,227,212,210,262,272,228,198,117,70,63,43,31
Dec,19,2016,Monday,19,15,11,15,32,78,107,180,147,180,205,232,249,292,390,519,649,555,315,205,156,126,80,66
Dec,20,2016,Tuesday,24,21,23,22,35,76,101,184,174,191,211,257,270,307,439,544,684,584,284,213,184,171,88,78
Dec,21,2016,Wednesday,41,20,40,20,37,74,96,182,167,162,212,223,267,312,453,548,722,558,334,244,178,143,87,71
Dec,22,2016,Thursday,29,19,26,24,44,80,106,214,169,198,230,263,306,361,466,525,711,577,362,250,225,152,99,89
Dec,23,2016,Friday,36,20,35,18,40,58,76,141,154,231,272,380,364,374,350,361,358,297,237,143,105,89,75,69
Dec,24,2016,Saturday,28,42,13,13,18,18,22,48,98,192,299,376,308,239,256,264,274,305,188,134,165,105,102,63
Dec,25,2016,Sunday,35,20,8,7,2,17,19,41,77,120,189,256,227,215,198,201,210,161,121,103,83,59,41,35
Dec,26,2016,Monday,15,16,5,14,9,9,38,61,108,152,226,267,301,304,347,334,305,222,179,151,149,78,57,48
Dec,27,2016,Tuesday,17,7,10,12,33,60,83,144,146,176,219,252,302,334,402,534,602,452,304,166,111,174,89,87
Dec,28,2016,Wednesday,30,22,32,22,33,59,87,149,171,181,238,284,290,348,444,497,656,537,279,149,155,124,98,75
Dec,29,2016,Thursday,41,20,29,17,45,66,86,150,159,184,220,258,281,311,380,488,606,498,293,178,149,127,78,71
Dec,30,2016,Friday,26,25,28,18,31,60,62,132,175,179,279,323,364,355,455,480,554,465,292,240,170,186,93,67
Dec,31,2016,Saturday,38,38,25,9,7,12,28,46,119,175,245,320,357,331,357,321,357,358,289,155,123,106,67,50
